200
0.25
935
260
626
69
590
199
267
300
561
509
172
378
258
131
300
754
578
53
20
6
529
282
634
480
82
486
424
693
277
770
85
676
928
523
993
55
178
508
483
825
218
489
756
481
441
808
934
102
91
776
79
475
143
398
389
492
428
268
271
440
995
678
199
765
362
240
699
702
822
296
686
609
601
20
118
760
393
508
66
783
728
380
198
6
465
908
592
855
212
427
587
318
105
334
96
27
177
31
32
50
1
159
46
61
101
16
180
172
31
38
158
59
13
91
159
51
136
129
49
34
38
121
45
193
75
77
43
13
129
192
128
125
197
53
96
78
5
177
29
125
15
164
70
125
120
162
37
41
42
178
113
134
120
58
85
106
68
137
118
15
16
172
139
103
144
43
151
103
65
113
99
59
21
63
134
155
19
61
166
142
70
66
65
575
383
374
714
689
650
920
852
608
33
939
824
772
758
318
489
431
275
630
313
202
375
106
189
831
438
793
2
172
873
330
796
656
853
88
290
220
923
605
962
254
443
370
481
359
335
343
152
647
439
740
701
939
89
725
113
643
568
811
297
635
133
153
478
664
974
278
70
494
842
779
119
320
750
137
158
714
572
496
260
102
185
241
178
902
738
346
715
879
157
137
369
836
961
448
120
58
670
431
743
859
477
448
497
627
147
95
625
544
584
209
210
528
496
525
954
242
709
489
738
234
3
43
41
15
29
13
34
40
26
37
38
27
26
41
29
23
6
13
36
6
20
1
43
28
49
31
39
11
44
23
39
40
11
47
45
26
42
28
46
31
18
8
48
4
9
17
26
19
21
43
4
41
38
19
40
15
45
13
3
26
45
12
42
10
6
3
44
8
32
32
20
18
32
45
8
39
21
4
20
36
42
28
41
43
17
26
145
15
32
32
24
1
15
23
16
44
35
41
8
39
38
11
21
5
42
14
22
24
28
40
41
19
40
25
33
14
3
1
14
16
6
32
34
82
37
18
9
6
10
7
24
37
583
12
38
25
9
37
33
23
17
30
19
13
43
29
12
7
12
9
3
11
6
42
25
38
17
5
21
15
1
7
30
4
12
119
26
15
13
21
48
19
33
38
43
3
59
6
37
28
42
36
8
19
29
39
40
18
25
1
15
26
10
32
24
222
146
376
465
71
685
501
749
95
317
491
76
639
656
420
624
169
460
219
94
135
494
40
410
556
454
629
390
136
470
682
603
237
152
734
754
171
756
117
367
562
122
262
623
45
733
301
452
74
87
385
204
443
457
481
190
267
466
463
186
583
163
549
362
381
463
560
710
453
706
266
317
158
81
248
334
148
449
579
523
434
554
262
66
578
466
